189 248
191 280
195 311
200 342
210 372
229 398
253 419
282 437
313 441
344 435
370 415
393 393
410 365
417 335
420 304
423 274
424 243
210 240
224 225
245 220
267 223
288 229
323 228
344 222
365 219
386 222
400 235
306 244
307 265
308 286
308 308
285 319
296 324
308 328
320 323
331 318
238 247
250 240
264 240
277 248
264 249
250 250
336 246
348 238
362 239
373 245
362 248
349 248
262 352
280 349
297 348
310 351
324 347
342 348
360 350
343 366
326 373
311 375
297 374
280 368
268 354
297 354
310 355
324 353
354 351
325 361
310 363
297 361
208 153
231 149
269 157
311 157
369 146
396 154
416 200
195 190
204 165
188 236
420 231
403 170
353 155
0 0
0 720
640 0
640 720
0   552
90   513
181   465
253   490
293   529
345   600
343   537
396   458
416   409
520   470
640   518
166   190
163   126
186   83
222   42
301   22
360   32
423   63
448   122
442   211
446   269
312   556
94   558
123   629
158   720
507   720
535   632
560   541
483   563
178   567
230   528
252   624
269   720
428   510
417   628
412   720
35   651
51   720
167 222
170 279
217 428
