206 240
208 269
212 297
217 326
227 353
246 377
269 397
295 414
325 418
355 412
380 394
402 372
419 347
428 318
431 288
432 258
432 228
225 231
238 215
258 207
280 207
301 213
330 210
350 202
372 200
393 206
407 221
317 230
317 250
318 270
319 290
296 302
307 306
320 310
332 305
343 300
251 239
262 232
275 231
288 237
276 240
263 240
347 234
358 227
372 226
383 231
372 235
359 235
273 334
290 331
307 330
321 332
334 329
351 330
371 331
353 346
336 354
322 356
308 355
290 349
279 335
307 337
321 338
334 336
365 332
335 342
321 344
307 342
227 145
248 141
281 145
320 144
375 135
400 142
423 188
211 183
222 158
206 230
429 219
409 158
360 142
0 0
0 720
640 0
640 720
0   549
103   498
200   441
294   454
352   501
380   597
421   510
441   444
433   393
539   455
640   477
177   189
184   136
201   91
248   52
332   24
382   40
431   76
476   124
450   210
450   253
370   550
119   550
169   625
230   720
578   720
581   626
590   527
522   534
211   541
264   492
316   611
354   720
456   487
471   625
480   720
54   645
82   720
188 219
190 258
234 397
